-7.8149e+00
-9.3000e+00
1.4787e+00
-2.3610e+00
-8.8798e+00
-2.5861e+00
7.7267e+00
-3.3529e+00
9.5671e+00
3.1410e+00
7.3446e+00
-8.0154e+00
8.2760e+00
-3.8772e+00
9.1176e+00
6.3360e-01
-7.9994e+00
2.2359e-01
-6.3190e-01
-7.3447e+00
-8.0036e+00
-6.1500e+00
-5.4758e+00
-9.0080e+00
-2.7023e+00
1.6018e+00
-2.4708e+00
9.0091e+00
-1.7137e+00
6.9516e+00
-5.3051e+00
1.1867e+00
3.1065e+00
-3.6170e+00
-9.7344e+00
-1.9946e+00
7.5694e+00
-5.6346e+00
-4.5386e+00
3.1856e+00
9.6079e+00
1.6962e+00
-8.0719e+00
-2.3792e+00
-6.4110e+00
6.7477e+00
-4.1958e-01
2.0668e+00
-9.8003e+00
-6.9201e+00
8.9524e+00
1.4347e+00
7.6409e+00
8.5439e+00
5.8743e+00
9.1851e+00
-2.6448e+00
-8.8472e+00
-5.5060e+00
-1.3728e+00
-7.1154e+00
-1.1457e+00
3.9726e+00
-3.7707e+00
-3.4057e+00
-8.4685e+00
-8.0745e+00
8.2807e+00
5.4212e+00
2.5611e+00
-6.4295e-01
-2.2063e+00
-4.2881e+00
-5.1011e-01
8.2766e+00
7.4320e+00
9.7833e+00
-2.1638e+00
2.0046e+00
3.6647e+00
-3.9370e+00
-6.7301e+00
2.2428e+00
3.3553e+00
-9.8929e-01
-4.3842e-01
6.8269e+00
3.3674e-01
-5.3351e+00
-5.7458e+00
5.4658e-01
-6.5008e+00
2.0212e+00
7.8855e+00
-5.5519e+00
-4.2082e+00
-3.6311e+00
-9.7135e+00
-8.9262e+00
5.4854e+00
2.8257e+00
3.4839e+00
1.2216e+00
8.9659e-01
9.3610e+00
-1.5653e+00
2.6081e+00
-5.3310e+00
1.6635e+00
-7.0174e+00
3.4281e-01
-7.6232e+00
-7.9474e+00
5.5935e+00
-1.8014e+00
1.1787e+00
4.9242e+00
2.5024e+00
6.0655e+00
9.6243e+00
-3.8795e-02
-3.2105e+00
-2.9030e+00
4.0975e+00
1.8521e+00
-1.8584e+00
-8.7634e+00
2.2963e+00
8.5506e+00
-9.5780e+00
-3.8442e+00
4.9304e+00
2.6395e+00
-8.9399e+00
4.5689e+00
5.1551e+00
6.0965e+00
-2.4557e+00
-5.4126e+00
4.9240e+00
5.2858e+00
-6.1208e+00
-7.8557e+00
-6.1471e+00
6.3752e-01
-4.8712e+00
1.7324e+00
-3.8149e-02
1.4880e+00
-4.0516e+00
-7.4396e+00
-3.2887e+00
-7.2839e+00
-2.1739e+00
-5.9949e+00
6.3891e+00
8.0614e+00
-7.3197e+00
-5.6600e+00
-3.8241e+00
2.4547e+00
-8.7070e+00
1.5760e+00
5.4036e+00
6.2940e+00
2.4342e+00
5.2136e+00
-7.5269e+00
-6.7825e+00
-9.0387e+00
-7.2891e+00
-4.4201e+00
-4.0899e+00
-1.1968e+00
9.6281e+00
2.0173e+00
9.3589e+00
-8.9566e+00
8.7577e+00
7.6931e-01
-5.9100e+00
1.1478e+00
7.6463e-01
-4.4774e+00
-8.6748e+00
9.8239e+00
-8.4271e+00
3.9804e+00
9.8463e+00
-2.6269e+00
7.3360e+00
-3.5964e+00
8.6726e+00
-2.3923e-01
-7.1951e+00
4.9127e-01
8.5666e+00
-2.9720e+00
1.5664e+00
4.0575e+00
5.9524e+00
-6.4079e+00
2.6109e+00
8.7364e+00
-6.1400e+00
4.1655e+00
-8.1830e+00
3.9959e+00
6.7603e+00
4.1545e-01
2.0107e-01
-5.3737e+00
9.8300e+00
4.6896e+00
7.8464e+00
5.4559e+00
1.7049e+00
-5.0110e+00
4.3724e+00
8.8490e-01
-1.8011e+00
-6.9199e+00
2.3774e+00
-9.2040e+00
-6.4198e+00
8.9710e+00
3.2274e+00
4.0765e+00
6.3706e+00
-2.0559e+00
6.3328e+00
-1.1028e+00
-2.8467e+00
2.3470e-03
-2.1220e+00
-3.2606e-01
-4.7694e+00
-4.4207e+00
1.3530e+00
4.2402e+00
-1.2427e+00
-3.9701e+00
6.4543e+00
9.2745e+00
-3.5304e+00
8.8455e+00
-9.5413e+00
8.7463e+00
2.6188e+00
-3.5457e+00
-4.2343e+00
8.7782e+00
-3.1035e+00
6.6951e+00
-1.3034e+00
2.3168e+00
-4.1211e-01
4.4282e+00
-5.3331e+00
-1.9696e+00
7.4851e+00
-5.2956e+00
-3.9424e+00
-9.3804e+00
-2.1757e+00
4.1633e-01
-5.8180e+00
7.4614e+00
-8.9808e-01
2.9660e+00
9.0114e+00
6.9315e+00
-7.3694e+00
-5.9057e+00
-6.1054e+00
1.0778e+00
8.1781e+00
3.6609e+00
-2.4836e+00
3.9834e+00
-6.5586e+00
1.6248e+00
8.8425e+00
6.9187e+00
8.8102e+00
6.2703e+00
-1.6729e+00
-7.0281e+00
-7.5238e-01
-3.8975e+00
-7.2030e+00
9.0394e+00
-5.3652e-01
9.5277e+00
9.6464e+00
-2.4105e+00
-8.6188e-01
7.0428e+00
3.8198e-01
1.2069e+00
8.3013e+00
7.1682e+00
-9.4474e+00
5.4900e+00
-9.3199e+00
2.1364e+00
9.4759e+00
-5.3100e+00
1.3961e+00
-9.9403e-01
5.0545e+00
-8.8037e-01
-9.9211e+00
8.2324e+00
5.7288e+00
7.1535e+00
-3.0564e+00
-8.7938e+00
5.7278e+00
4.6158e+00
-2.9242e+00
-1.2579e+00
-1.5195e+00
7.4734e+00
8.4425e+00
9.5220e+00
-5.9507e-01
3.0555e+00
-7.1027e+00
4.7858e+00
9.1238e+00
2.0387e+00
3.5120e+00
-8.6587e+00
3.3007e-01
3.3719e+00
5.3090e+00
4.8932e+00
-2.4789e+00
-9.4381e+00
4.1104e+00
6.0032e+00
-9.8788e+00
-6.4149e+00
-4.5972e+00
-4.8008e+00
-4.2505e+00
-1.4738e+00
-2.9952e+00
6.9825e+00
-4.6892e+00
-6.0750e+00
-3.1985e-01
8.2917e+00
5.9283e+00
-1.1443e-02
4.6465e+00
-8.7669e+00
-6.9451e+00
-6.4550e+00
-6.8772e+00
-3.3538e+00
4.5287e+00
-1.6494e+00
1.1391e+00
4.9321e+00
3.2162e+00
3.7117e+00
-2.1898e+00
2.6571e+00
-9.2420e+00
-6.3384e+00
-8.0420e+00
8.3000e+00
5.4537e+00
1.5142e+00
-3.0553e+00
-5.6125e+00
7.6029e+00
-5.4668e+00
-7.4009e+00
7.0002e+00
2.3596e+00
-6.4236e+00
3.9345e+00
-5.8375e+00
8.1178e+00
8.6336e+00
9.1910e+00
7.0084e+00
1.3719e+00
-7.7793e+00
8.7547e+00
-9.8409e+00
-2.7757e-01
-6.8483e+00
2.8943e+00
-3.5310e-01
-2.0900e+00
-5.1934e+00
-7.8605e+00
-4.7406e+00
7.6961e+00
-1.0856e+00
4.0582e+00
-1.1183e+00
6.8820e+00
3.5840e+00
-1.3579e+00
6.5606e+00
1.6325e+00
-7.4528e+00
-7.3790e+00
-9.1088e+00
-4.6467e+00
-4.3560e+00
8.4555e+00
9.6897e+00
-1.9158e+00
1.8575e+00
-9.9204e+00
-2.0279e+00
8.6906e+00
1.1773e+00
-5.1622e+00
-2.6262e+00
-1.2676e+00
-2.9920e+00
1.6565e+00
7.1843e+00
-4.3930e+00
4.7656e+00
7.4691e+00
-5.0541e+00
-1.0376e+00
-1.0885e+00
-5.6100e+00
-2.6084e+00
-9.3112e+00
9.4854e+00
-2.3247e+00
-9.2978e+00
8.0503e+00
3.2683e+00
3.1507e+00
-2.3593e+00
5.6043e+00
8.8782e+00
3.3135e+00
6.2203e+00
7.3950e+00
1.4842e+00
2.7009e+00
-7.6101e+00
5.5841e+00
-2.5000e+00
8.4012e+00
3.1535e+00
5.3602e+00
-1.5471e+00
6.6539e+00
8.1777e+00
8.6950e+00
-1.8985e+00
3.5074e+00
9.8627e+00
-7.7806e+00
4.3238e+00
8.8903e+00
8.5143e+00
8.2382e+00
-5.2665e+00
-3.0178e+00
5.6273e+00
7.9871e+00
-3.5029e-01
1.9306e+00
1.3302e+00
5.6779e+00
-1.2888e+00
5.7443e+00
5.4982e+00
3.7500e-01
8.5505e+00
1.6660e-01
-3.8925e+00
-4.1697e+00
-4.9905e+00
8.1244e+00
-2.4958e+00
9.0512e+00
-8.4078e+00
8.7382e+00
7.7707e+00
1.8435e+00
-3.1961e+00
-4.9612e+00
3.1966e-01
7.1341e+00
-8.3515e-02
-1.3163e+00
-1.0425e+00
-8.7827e+00
1.3004e-01
-8.1290e+00
9.9430e-01
8.1428e+00
-9.1419e+00
9.1046e+00
1.0382e+00
6.7007e+00
4.8248e+00
-9.4116e+00
4.9739e+00
8.4174e+00
1.3219e+00
5.1335e+00
8.9739e+00
-7.7057e+00
1.7181e+00
6.8279e+00
4.9267e-01
8.1916e+00
7.3436e+00
-7.3587e+00
-2.8054e-01
9.3576e+00
4.5393e-02
1.0065e+00
9.8023e+00
-5.6201e-02
-3.6681e+00
7.9258e+00
9.6531e+00
-8.3225e+00
-1.3589e+00
-7.6030e-01
-8.7914e+00
-1.7611e-01
6.8314e+00
5.9578e+00
-1.9675e+00
-9.5260e+00
5.1677e+00
-2.9170e+00
8.9256e-01
9.4529e+00
8.4436e+00
6.8676e+00
-5.4339e+00
-6.9958e+00
-1.4483e+00
8.4732e-01
-3.4231e+00
-5.8595e+00
8.6224e+00
7.3165e+00
5.1380e+00
4.1308e+00
6.7902e+00
8.9718e+00
5.1081e+00
8.1481e+00
-7.6622e+00
-7.2552e+00
9.4503e+00
-2.9933e+00
7.3650e+00
3.9665e+00
9.5230e+00
7.6137e+00
-8.9738e+00
-8.5604e+00
-8.6108e+00
4.2970e+00
-3.4808e+00
6.5560e+00
-4.5914e-01
-5.3085e+00
-3.9072e+00
7.3736e+00
6.9483e+00
3.1837e+00
-9.5069e+00
9.9804e+00
4.0879e+00
-4.6768e+00
9.5222e+00
-4.6520e+00
-5.9354e+00
1.2327e+00
-4.2179e+00
2.5336e+00
1.0984e+00
4.2602e+00
-4.4280e+00
3.0202e+00
8.9466e+00
1.9992e+00
1.7773e+00