0.7877
-1.0777
0.7609
0.3564
-2.5604
-1.1758
2.5142
-0.6465
0.2971
-1.4672
0.3353
1.3556
2.1341
2.3339
-1.3877
-0.1063
0.9564
2.0794
-1.1451
-1.6564
1.1129
2.2297
0.7219
-2.3146
-1.4866
1.5920
-0.5274
-1.3829
0.7222
-1.4764
-0.4622
-0.5738
-1.9719
0.9240
1.8442
1.2945
1.4577
1.2793
0.6434
-1.6295
0.3621
2.4457
1.1140
0.2157
0.3508
-0.4632
0.1109
2.9000
1.8583
-2.3598
-1.1835
0.4758
1.5477
0.3578
0.9615
-1.5584
-1.0421
-2.3901
0.7907
-1.6716
-2.8282
-2.3912
1.3199
1.9681
-0.2522
-0.8708
1.2215
2.2835
-1.2677
0.0720
-1.6674
0.7442
1.9369
-0.2784
2.2850
0.3137
1.1911
0.4032
2.7161
0.4374
2.7194
-1.8964
2.3718
-1.0822
-2.4562
0.0216
-1.2361
1.4150
0.0697
2.0894
0.3578
0.2949
2.7351
2.8279
1.0897
2.6346
1.3252
1.6518
-2.9153
-0.9490
-1.2487
-0.2817
-0.7118
-1.2548
-1.3195
-0.7578
-0.2872
-0.0925
2.0127
-2.6452
1.2012
-0.1158
0.9022
-0.1863
0.8937
-1.0239
-2.8452
0.5326
2.0060
0.6258
1.9518
-1.5126
-2.0746
1.1314
3.0314
0.8722
-1.8909
2.0445
0.2390
0.6437
2.4843
-2.9572
-0.5081
-2.1730
-1.3909
-2.8856
1.5037
-0.4058
0.4234
-2.6475
-1.8327
2.0819
0.8562
1.6932
-0.2514
-0.6951
2.2704
1.9149
0.8600
2.3421
-1.2866
-0.8946
-2.0677
1.0500
2.1807
0.6261
2.8284
-1.7277
1.5950
2.4137
0.9896
-1.6985
1.5241
-1.2728
0.7320
1.0780
-2.5081
-0.6710
-1.9718
-2.3490
-2.2541
1.2344
2.7887
-2.8795
0.6011
3.0428
-0.9050
-2.4471
-0.9922
-0.8576
2.5117
-1.0377
-0.5754
1.0647
-1.6856
1.2061
-0.4982
1.0750
1.2670
-1.6580
0.2291
1.1411
-0.1294
1.3188
-2.5908
0.5066
0.2019
-1.9769
1.4243
1.0064
1.3587
0.7237
-0.1509
-0.7291
1.8870
0.8715
1.2563
0.9594
-0.9626
1.1913
1.8506
-0.1102
1.1930
-2.1476
2.7473
-1.1993
1.9825
-1.0442
-0.1235
-1.2301
0.6595
-2.3993
1.6342
-1.9627
0.4211
-1.3244
-1.5513
1.1477
1.0161
1.1639
1.3032
-2.6481
-2.2138
1.7768
1.0652
0.5323
-0.4280
1.5271
-0.1192
0.8731
-2.3296
2.7078
0.6969
-1.0893
0.6304
-1.1155
0.3895
-1.0328
0.0204
0.6708
2.2855
-0.9240
-2.1208
-0.8984
-1.9857
2.0603
0.1775
-0.4782
-0.2085
1.0435
0.9821
-0.0633
2.5843
-0.6977
0.9300
0.7009
2.1715
0.9297
-2.4166
-1.8015
-1.4723
-1.2452
-1.3574
2.5480
2.0977
-1.4806
2.4685
0.3523
-0.4588
1.4199
-0.7692
1.7271
-1.1658
-1.3234
-1.0326
1.0570
-0.1567
-2.7066
-1.9052
2.6120
-2.5695
-1.7647
-0.8649
0.2969
0.4310
0.2383
-2.7084
-1.2406
0.9468
-0.8619
2.1264
-1.1527
-0.2951
-0.7292
-1.3994
2.6650
-0.1194
-0.4262
0.3485
-2.7938
-3.1206
-3.0652
2.4450
2.4781
0.8472
-0.8692
-1.9857
-2.6535
0.5612
-1.6760
-2.3842
-2.2578
-0.7005
0.9707
1.0511
0.4176
-1.0403
-1.6704
-2.7672
-2.5442
-1.5845
2.9986
-0.6975
-1.7097
1.2272
-1.1019
-1.7849
-3.5191
-0.3862
-0.5820
0.9570
1.7256
2.3621
0.6675
0.6192
-0.6538
2.4131
-1.1623
-1.9986
-1.0002
0.0999
2.0468
0.7218
2.1314
1.6124
1.9013
-1.9326
-1.9707
-2.6434
0.2659
-2.6583
-0.5770
-1.0004
-0.1124
-0.6506
-2.9941
-1.2058
0.5916
0.7230
-0.1232
-1.9718
0.5447
0.7755
1.9979
-1.2812
1.0191
-2.3408
1.4023
1.5104
0.6731
-1.6669
-1.6408
1.5501
0.7639
1.3317
2.3143
2.8311
0.1310
-1.2100
-1.2367
-0.0393
0.5153
-0.3998
1.9317
1.1537
-2.3818
-1.2966
0.7781
0.8805
-0.6952
0.8122
-0.3870
2.1687
-2.6845
1.1060
-2.6202
-1.6098
0.0225
-1.6685
0.0224
1.5731
-0.8997
-1.8886
-2.1839
-0.0647
1.5830
0.9720
0.6465
0.8592
2.9113
2.4605
0.9703
-0.6952
-0.6959
-0.9494
-1.2364
-2.3423
-2.4443
1.9983
-0.7273
1.5094
-2.0984
0.9163
-0.6427
-2.9168
-2.9268
1.4728
-1.4698
-1.4112
-0.5183
0.1990
-1.3345
2.7885
-1.5091
-1.7117
0.1599
-0.1936
-1.4225
-1.3994
1.2999
-0.1427
1.3980
-0.2765
0.2168
-0.2060
-0.6911
1.2736
-1.6782
-1.3628
-0.9811
-0.9105
2.6810
-0.3672
1.2852
-0.3748
1.1527
0.4989
-0.2557
-1.1587
0.5445
2.5395
-0.4076
-2.0373
0.4373
2.9214
0.4860
3.0791
0.1316
0.3222
-2.0318
0.9456
-0.5549
1.1124
0.3946
2.1202
2.5690
2.7294
-1.0563
2.6499
-0.3652
-1.4897
-0.4870
-0.4500
2.3999
2.6622
-1.5000
-1.1630
1.3495
-0.9483
1.8957
-2.2773
-3.1500
-2.2143
2.4270
0.8322
-1.1348
2.9099
-2.1421
-1.5359
-1.0405
-1.0072
-2.7197
-0.6334
-2.9746
1.0806
-0.1617
-2.6606
-1.5113
0.3750
2.4421
-1.0519
0.6675
2.8382
0.0110
-1.6792
1.3292
-0.7527
2.1757
-1.1242
0.9756
2.1212
1.4883
2.7310
0.2858
0.0728
-1.8129
-1.8950
-2.2607
1.8480
-1.2572
1.4791
1.0153
0.2265
-2.7830
-2.1201
-1.0312
-0.7750
1.2628
-1.4206
0.5639
-2.6779
-1.5684
-1.4933
-0.4189
2.2192
0.1630
0.0877
-2.9197
1.3316
-1.5186
-1.1627
-3.2913
2.6766
0.1706
-1.8306
-0.5263
-2.3385
0.3192
1.4234
-0.1588
1.8274
-2.2894
-1.1392
-1.7020
0.0539
0.3599
-0.1161
0.2644
-0.3713
2.6242
-0.0212
-1.2924
-1.4024
-0.1443
1.0373
1.3157
0.0859
0.5721
0.1866
2.2909
-0.6511
2.4761
0.2872
-0.9612
0.3125
1.4366
-2.0071
-1.3434
3.4837
2.1797